Reg Type: ts1Sample Points: 43
mE = 0.3724 x CH3+H_2 + 2.0
_R2:0.646184125459977     MSE:0.07448592417377992
Reg Type: ts2Sample Points: 43
mE = 0.3689 x CH3+H_3 + 2.0
_R2:0.6330328863922994     MSE:0.07725454555703412
Reg Type: tsra1Sample Points: 25
mE = 0.3853 x H_2 + 3.0
_R2:0.4324651705423258     MSE:0.11331291766079964
Reg Type: tsra2Sample Points: 25
mE = 0.3706 x H_3 + 3.0
_R2:0.4159752661719682     MSE:0.11660526040201658
